image_width: 640
image_height: 480
camera_name: left_camera
camera_matrix:
  rows: 3
  cols: 3
  data: [1118.990685, 0, 313.436156, 0, 1097.702396, 241.616447, 0, 0, 1]
distortion_model: plumb_bob
distortion_coefficients:
  rows: 1
  cols: 5
  data: [-0.852315, 3.172007, -0.028514, 0.053732, 0.000000]
rectification_matrix:
  rows: 3
  cols: 3
  data: [0.848709, 0.004666, -0.528839, -0.007999, 0.999960, -0.004014, 0.528799, 0.007637, 0.848713]
projection_matrix:
  rows: 3
  cols: 4
  data: [1590.968570, 0, 1093.266571, 0, 0, 1590.968570, 218.739302, 0, 0, 0, 1, 0]
