image_width: 640
image_height: 480
camera_name: left_camera
camera_matrix:
  rows: 3
  cols: 3
  data: [2237.89234403876, 0, 323.2934279840281, 0, 1781.637427710234, 231.9440405233177, 0, 0, 1]
distortion_model: plumb_bob
distortion_coefficients:
  rows: 1
  cols: 5
  data: [-1.976824833131877, 24.69073545361333, 0.01579945860383641, 0.1234070704774271, 0]
rectification_matrix:
  rows: 3
  cols: 3
  data: [0.4002859232277601, -0.06726047140029467, -0.9139186006711483, 0.09105483711044955, 0.9952866945749661, -0.03336783242626745, 0.9118553593111624, -0.06986003570746376, 0.4045236446815721]
projection_matrix:
  rows: 3
  cols: 4
  data: [2502.257854275902, 0, 2234.772651672363, 0, 0, 2502.257854275902, 354.4059772491455, 0, 0, 0, 1, 0]
