image_width: 640
image_height: 480
camera_name: right_camera
camera_matrix:
  rows: 3
  cols: 3
  data: [1064.520774076904, 0, 330.4771109460033, 0, 1050.851976165593, 255.3817133755805, 0, 0, 1]
distortion_model: plumb_bob
distortion_coefficients:
  rows: 1
  cols: 5
  data: [-0.9975126959564643, 2.709666572873294, 0.005700252581380742, 0.02272626228769753, 0]
rectification_matrix:
  rows: 3
  cols: 3
  data: [0.6572212865072242, -0.1010512640525101, -0.7468927785132075, 0.08312999437332327, 0.9946440616859131, -0.06142145055630533, 0.7490991820829069, -0.02172170772152389, 0.662101640850089]
projection_matrix:
  rows: 3
  cols: 4
  data: [2502.257854275902, 0, 2234.772651672363, 13389.69129772713, 0, 2502.257854275902, 354.4059772491455, 0, 0, 0, 1, 0]
